42
45
48
62
66
99
124
159
176
211
230
236
291
307
308
312
322
330
357
362
370
407
416
434
443
445
464
509
535
551
553
555
592
688
757
764
775
786
807
812
814
905
934
1013
1024
1063
1098
1125
1186
1204
1218
1238
1283
1343
1351
1359
1381
1392
1401
1415
1417
1484
1488
1523
1529
1535
1547
1552
1554
1562
1577
1578
1607
1610
1616
1687
1698
1766
1782
1794
1828
1879
1889
1899
1938
1951
1960
2004
2009
2017
2026
2029
2032
2037
2038
2050
2068
2075
2079
2105
2121
2126
2136
2159
2209
2216
2299
2322
2335
2376
2380
2381
2407
2451
2468
2483
2501
2507
2512
2549
2607
2621
2625
2633
2637
2665
2687
2688
2722
2742
2761
2787
2794
2818
2819
2829
2833
2834
2855
2861
2867
2870
2906
2915
2936
2966
2967
2994
3003
3051
3056
3071
3074
3083
3094
3105
3115
3144
3163
3176
3218
3229
3237
3241
3251
3263
3266
3275
3277
3290
3293
3305
3306
3336
3341
3343
3371
3382
3399
3401
3405
3409
3416
3418
3438
3444
3446
3447
3474
3491
3501
3540
3546
3614
3633
3659
3683
3694
3708
3728
3738
3752
3774
3784
3798
3858
3861
3876
3881
3886
3892
3900
3910
3923
3946
3971
3973
4098
4155
4190
4216
4227
4228
4229
4233
4255
4258
4264
4283
4323
4335
4347
4351
4365
4378
4381
4395
4415
4429
4431
4436
4481
4486
4502
4508
4521
4534
4536
4540
4556
4558
4571
4593
4608
4642
4645
4651
4657
4665
4682
4696
4712
4725
4728
4741
4744
4782
4803
4809
4822
4851
4874
4893
4925
4949
4962
4964
4968
4976
4979
5016
5018
5022
5044
5054
5061
5090
5095
5124
5159
5195
5220
5230
5261
5264
5268
5276
5287
5328
5335
5340
5370
5374
5383
5410
5416
5424
5440
5470
5485
5499
5522
5563
5604
5606
5608
5622
5638
5641
5642
5678
5733
5738
5765
5766
5780
5785
5788
5800
5803
5816
5818
5852
5874
5896
5908
5948
5967
5972
5979
5985
6002
6014
6021
6022
6037
6050
6060
6061
6065
6105
6109
6122
6124
6125
6141
6142
6165
6186
6192
6210
6215
6236
6242
6246
6256
6261
6267
6275
6294
6309
6320
6357
6370
6372
6393
6409
6428
6445
6461
6465
6469
6471
6481
6483
6488
6498
6517
6521
6527
6545
6603
6616
6634
6667
6668
6673
6682
6688
6693
6702
6705
6707
6750
6762
6780
6820
6824
6839
6840
6843
6893
6934
6970
7012
7021
7034
7105
7108
7119
7123
7138
7153
7164
7166
7173
7178
7196
7242
7263
7265
7269
7287
7290
7309
7316
7317
7346
7349
7376
7413
7435
7447
7458
7465
7496
7503
7520
7568
7571
7593
7620
7644
7652
7668
7671
7687
7699
7711
7731
7747
7761
7786
7788
7832
7842
7859
7891
7894
7895
7917
7928
7933
7935
7936
7943
7959
7968
7989
8012
8014
8066
8096
8154
8165
8167
8189
8208
8210
8212
8227
8246
8262
8274
8292
8303
8365
8368
8405
8413
8444
8457
8479
8521
8535
8541
8546
8548
8569
8591
8598
8599
8621
8679
8686
8699
8758
8776
8856
8860
8871
8884
8918
8925
8962
8983
9010
9014
9057
9058
9072
9101
9132
9142
9148
9164
9198
9205
9212
9228
9232
9236
9263
9265
9290
9293
9316
9318
9328
9335
9365
9380
9381
9452
9458
9479
9490
9494
9518
9522
9544
9555
9562
9563
9566
9572
9585
9601
9604
9606
9617
9642
9663
9681
9696
9699
9707
9726
9728
9741
9746
9778
9781
9791
9793
9814
9835
9862
9874
9882
9883
9892
9902
9930
9945
9952
9960
9962
9969
9983
9993
10020
10051
10061
10072
10104
10127
10142
10147
10152
10157
10206
10212
10220
10239
10243
10244
10254
10257
10260
10267
10273
10284
10296
10314
10331
10367
10372
10373
10374
10380
10387
10388
10393
10412
10413
10420
10424
10434
10485
10486
10489
10515
10523
10554
10573
10576
10635
10637
10642
10649
10651
10687
10691
10706
10730
10741
10744
10759
10787
10810
10811
10819
10824
10835
10854
10884
10890
10936
10941
10956
10958
10964
10978
11002
11027
11037
11045
11066
11084
11086
11102
11114
11137
11144
11148
11185
11187
11196
11223
11239
11240
11241
11259
11266
11276
11284
11299
11316
11324
11327
11335
11342
11347
11357
11363
11364
11366
11368
11378
11383
11385
11414
11416
11426
11461
11469
11482
11489
11493
11498
11541
11545
11548
11556
11563
11574
11587
11597
11612
11628
11645
11663
11667
11670
11691
11743
11744
11757
11776
11794
11807
11813
11845
11847
11848
11854
11855
11859
11862
11871
11892
11947
12009
12010
12032
12036
12043
12052
12057
12062
12065
12081
12085
12138
12142
12168
12172
12196
12197
12209
12216
12246
12261
12277
12296
12304
12307
12309
12338
12351
12359
12360
12361
12376
12443
12448
12454
12455
12461
12465
12491
12520
12529
12537
12538
12547
12566
12571
12574
12585
12598
12612
12635
12645
12654
12657
12662
12669
12670
12718
12744
12747
12769
12791
12797
12800
12812
12823
12873
12878
12886
12904
12911
12914
12921
12933
12949
12958
12961
12976
12978
13000
13002
13024
13028
13038
13043
13045
13080
13082
13101
13109
13113
13121
13156
13176
13179
13190
13202
13206
13288
13290
13295
13298
13302
13305
13337
13346
13356
13357
13360
13362
13364
13371
13384
13399
13401
13413
13423
13436
13445
13482
13485
13490
13504
13562
13585
13587
13591
13612
13620
13630
13654
13686
13702
13703
13707
13710
13722
13727
13729
13741
13752
13764
13773
13784
13791
13802
13803
13810
13823
13831
13839
13871
13877
13909
13945
13958
13965
14001
14017
14018
14031
14036
14046
14055
14056
14067
14083
14087
14104
14107
14114
14115
14117
14146
14161
14192
14206
14207
14240
14276
14291
14295
14307
14311
14312
14323
14324
14332
14343
14352
14358
14373
14379
14416
14448
14492
14501
14513
14521
14529
14563
14572
14581
14598
14601
14602
14616
14673
14680
14699
14701
14743
14745
14752
14754
14773
14775
14811
14821
14834
14835
14852
14855
14865
14870
14908
14923
14938
14939
14942
14958
14959
14962
14998
15030
15046
15075
15080
15093
15097
15107
15141
15148
15154
15156
15165
15179
15180
15184
15196
15198
15200
15204
15226
15231
15243
15260
15272
15280
15305
15311
15313
15328
15332
15370
15381
15382
15407
15412
15423
15441
15472
15475
15490
15498
15512
15522
15524
15539
15540
15576
15587
15591
15624
15637
15640
15645
15663
15670
15676
15680
15683
15699
15729
15735
15739
15740
15741
15743
15751
15753
15756
15764
15775
15787
15802
15805
15823
15837
15839
15844
15856
15872
15896
15897
15911
15932
15952
15953
15987
16000
16011
16035
16047
16050
16062
16093
16097
16108
16111
16126
16141
16143
16150
16186
16190
16199
16212
16262
16267
16270
16272
16314
16316
16343
16359
16390
16392
16405
16415
16427
16465
16478
16505
16573
16581
16601
16605
16623
16626
16631
16674
16676
16688
16690
16692
16695
16703
16705
16710
16711
16716
16739
16752
16753
16763
16765
16777
16783
16787
16794
16798
16815
16827
16841
16858
16870
16871
16876
16881
16893
16975
16985
16994
17001
17047
17059
17088
17097
17109
17117
17121
17142
17164
17185
17196
17201
17203
17205
17211
17227
17239
17254
17264
17281
17301
17307
17324
17332
17336
17340
17365
17389
17411
17426
17431
17474
17479
17491
17493
17505
17518
17557
17561
17566
17575
17591
17604
17608
17620
17633
17651
17657
17714
17729
17746
17751
17761
17766
17777
17783
17802
17834
17860
17871
17884
17886
17891
17894
17941
17958
17963
17964
17981
17983
17989
18008
18024
18031
18038
18055
18061
18074
18109
18113
18117
18126
18131
18154
18158
18169
18186
18197
18198
18206
18234
18241
18242
18255
18269
18279
18292
18349
18356
18397
18404
18409
18413
18420
18428
18472
18487
18494
18501
18506
18535
18554
18555
18570
18577
18588
18597
18600
18607
18620
18636
18647
18659
18672
18683
18684
18687
18705
18706
18718
18724
18726
18730
18739
18743
18755
18769
18770
18777
18789
18800
18812
18816
18823
18827
18838
18851
18857
18862
18864
18873
18883
18884
18900
18903
18909
18920
18938
18939
18961
18964
18975
18980
18988
18991
18993
18998
19009
19012
19023
19044
19054
19065
19066
19068
19073
19084
19105
19107
19114
19131
19133
19142
19150
19159
19170
19182
19186
19222
19230
19253
19258
19264
19270
19272
19284
19315
19320
19359
19364
19383
19407
19413
19425
19454
19471
19487
19490
19494
19503
19519
19523
19540
19543
19559
19567
19575
19587
19595
19602
19603
19606
19607
19620
19623
19626
19632
19640
19662
19670
19677
19687
19699
19707
19717
19719
19727
19743
19746
19755
19764
19766
19770
19775
19819
19848
19863
19893
19910
19914
19924
19936
19948
19957
19985
19999
